another_bug_proba,break_bug_proba,electro_bug_proba,engine_check_proba,engine_fuel_proba,engine_ignition_proba,engine_overheat_proba,gear_stick_proba,wheel_shake_proba
0.104721025,0.11252075,0.13706017,0.09091912,0.12293307,0.105311096,0.10669887,0.110659495,0.109176405
0.18838866,0.11684958,0.09697542,0.12039832,0.09854928,0.088541634,0.109466575,0.102342784,0.07848778
0.11514276,0.11327241,0.1053871,0.11147164,0.09767594,0.12291129,0.11465317,0.112459555,0.10702613
0.10952709,0.112851344,0.10965639,0.13695975,0.09157401,0.12025106,0.09083854,0.11650784,0.11183396
0.12119751,0.110749565,0.13066153,0.09877102,0.13215788,0.11238952,0.102489874,0.10110147,0.09048161
0.12172929,0.12553321,0.10502457,0.11489365,0.116842866,0.100753106,0.12423965,0.12288284,0.06810083
0.105542995,0.11116215,0.10472239,0.11075589,0.14431708,0.1145592,0.122601,0.117405176,0.06893411
0.0985316,0.12674846,0.106411695,0.09805189,0.12233944,0.0993174,0.10034989,0.09895524,0.1492944
0.11000375,0.115889974,0.110268496,0.10039766,0.136923,0.115767114,0.12066467,0.1203174,0.06976791
0.1033297,0.10967094,0.106139496,0.11283452,0.11366056,0.111863256,0.104929015,0.12481565,0.11275693
0.113581926,0.11225994,0.09943805,0.11280315,0.1269761,0.10054263,0.11756644,0.12859794,0.088233806
0.11747494,0.11681979,0.11071728,0.12506965,0.09414598,0.11688173,0.13069028,0.118380606,0.06981976
0.103766985,0.09789624,0.14299345,0.1181446,0.086162545,0.11787544,0.09945331,0.105973326,0.12773412
0.11330518,0.10818005,0.14011264,0.10482917,0.086100325,0.10842246,0.11020456,0.1118253,0.117020324
0.108135305,0.10889508,0.10290807,0.10391539,0.09432602,0.12111459,0.10431158,0.13148767,0.12490633
0.10389889,0.1025844,0.09625531,0.11291391,0.16346526,0.109008685,0.12550046,0.11846199,0.067911126
0.101491414,0.17587571,0.11170408,0.094600186,0.107690044,0.11326296,0.110854514,0.10167903,0.08284207
0.10456675,0.115514025,0.111583546,0.12502173,0.10044677,0.10203165,0.110271655,0.124860026,0.10570386
0.11478278,0.10569591,0.10383863,0.11752816,0.10101194,0.1240104,0.10075081,0.09293147,0.13944986
0.11734032,0.10372867,0.12024142,0.11279089,0.10474,0.10309631,0.11545391,0.1306682,0.091940306
0.09114506,0.10836227,0.11793201,0.09804706,0.098038666,0.09628322,0.10452533,0.16205154,0.12361487
0.1082566,0.11675377,0.101381704,0.104819514,0.102173075,0.10171555,0.12374565,0.12950008,0.11165405
0.17035766,0.10848348,0.1019337,0.09113791,0.083843485,0.098705836,0.112016186,0.1050279,0.12849382
0.10903907,0.106075354,0.103119984,0.11102514,0.112702295,0.123730145,0.11497725,0.09913598,0.12019482
0.106003635,0.12160654,0.10717131,0.10803956,0.10437852,0.10056332,0.11663119,0.12893333,0.10667262
0.10767347,0.115323976,0.12360481,0.09533946,0.14242412,0.10219799,0.12735881,0.11348895,0.07258839
0.10473977,0.109859884,0.105833426,0.098775215,0.1354315,0.13876115,0.12375309,0.1178516,0.06499439
0.1112324,0.12465592,0.10362807,0.10826653,0.13703649,0.09292673,0.11852999,0.13233823,0.07138562
0.12012714,0.11502789,0.104730584,0.098950505,0.1304698,0.09432926,0.103293456,0.11638197,0.11668936
0.101276286,0.12416049,0.10044455,0.104271926,0.10161045,0.11250562,0.117904305,0.12625334,0.11157301
0.10567641,0.12006412,0.11288765,0.10345889,0.099056646,0.11718222,0.10902563,0.1166976,0.11595081
0.10499833,0.113760605,0.12705728,0.10131821,0.114922516,0.105405405,0.10787976,0.121373825,0.10328405
0.09036588,0.11042287,0.12334141,0.08787524,0.09799281,0.135677,0.10098161,0.12697783,0.12636535
0.108469054,0.108757585,0.12913722,0.12049228,0.09280469,0.11663162,0.10899638,0.10842405,0.10628716
0.15222779,0.08973148,0.103377454,0.17447482,0.09674874,0.08913748,0.12833029,0.10522412,0.060747813
0.10580522,0.11141462,0.0951216,0.12075456,0.110595085,0.115887135,0.11416866,0.11403805,0.11221502
0.11560863,0.11291363,0.10488278,0.13258941,0.09899322,0.099901855,0.09761332,0.12828626,0.10921089
0.10413145,0.10000514,0.1013404,0.13519259,0.13572766,0.12575382,0.12365858,0.10785512,0.06633523
0.1339512,0.11149936,0.11260598,0.10670499,0.092879176,0.109391645,0.1192269,0.1100108,0.10372998
0.104119755,0.109605975,0.11823951,0.09345625,0.13073446,0.11583171,0.11149422,0.11197541,0.104542725
0.13026777,0.110024534,0.10623119,0.114616,0.09998216,0.10152518,0.14902875,0.117123924,0.07120047
0.10785712,0.10510603,0.121463805,0.12738319,0.11068137,0.11701813,0.095093235,0.106234126,0.10916297
0.14225869,0.11632654,0.09949307,0.117778264,0.12487179,0.100711286,0.10989755,0.1237093,0.064953506
0.10188392,0.11722531,0.13812558,0.09821802,0.12691846,0.09760878,0.12155065,0.12983078,0.06863848
0.15248977,0.11212828,0.113716386,0.09376176,0.13492522,0.10579824,0.107234605,0.11536833,0.06457745
0.102200046,0.11909747,0.10527239,0.106201604,0.15644239,0.11051379,0.123159684,0.10994557,0.06716706
0.10732896,0.11070941,0.11358907,0.1059658,0.11840734,0.13035302,0.12740727,0.119122714,0.06711641
0.099641465,0.1133292,0.10706968,0.09397574,0.15832086,0.08938722,0.12469728,0.117162466,0.09641611
0.13587673,0.111828156,0.11516594,0.10895918,0.091503285,0.11285228,0.11054358,0.12324024,0.09003064
0.115040235,0.11941388,0.109051965,0.10617191,0.1046147,0.110996656,0.12978365,0.10952154,0.09540549
0.10873939,0.10156352,0.103369206,0.13127482,0.102302626,0.111890316,0.12076195,0.12802269,0.09207548
0.12587954,0.095980056,0.100762315,0.10353078,0.11167449,0.10572147,0.10194187,0.13716432,0.117345124
0.11236034,0.11105879,0.10822246,0.13273944,0.11379208,0.097517535,0.10003154,0.11848447,0.105793364
0.10854168,0.107556485,0.11593685,0.09484685,0.11665199,0.11706436,0.11221464,0.104195096,0.12299201
0.106891915,0.113353856,0.10763269,0.10695628,0.105965756,0.10276997,0.14835353,0.11734618,0.090729855
0.100796126,0.091505334,0.11165034,0.12916394,0.11606528,0.10221294,0.09540517,0.119774744,0.1334261
0.10898204,0.110189594,0.08500616,0.1116759,0.12786393,0.11737858,0.10555952,0.11821544,0.11512881
0.11744218,0.11723348,0.10181643,0.11246834,0.11921762,0.10795582,0.13127166,0.12392466,0.06866984
0.1493086,0.104631744,0.108287245,0.10950498,0.075928524,0.109053545,0.114625484,0.11334745,0.11531242
0.107751474,0.118302315,0.10949996,0.11261536,0.10497883,0.116279855,0.09869148,0.11329092,0.11858976
0.10537576,0.11573294,0.097899795,0.098247655,0.0965356,0.1258556,0.11181422,0.121290386,0.12724808
0.10101889,0.12149324,0.108961225,0.10579949,0.14052324,0.102317534,0.11931736,0.13163686,0.06893217
0.117894396,0.10700969,0.13231538,0.13388123,0.083726496,0.10743419,0.123315014,0.12318309,0.07124051
0.113237195,0.106082946,0.09678006,0.09918865,0.115574025,0.13707758,0.11188782,0.090391934,0.12977982
0.12890382,0.11208647,0.10040895,0.10170959,0.12703842,0.10890065,0.104391426,0.108355716,0.108204946
0.10978442,0.104275964,0.10378451,0.11456571,0.107311204,0.160528,0.12016287,0.11070155,0.06888574
0.12284842,0.10650519,0.120782994,0.10773282,0.09883878,0.11413594,0.10943036,0.12642759,0.09329793
0.1147096,0.10492419,0.11466254,0.109470494,0.1424111,0.11105352,0.13840576,0.09149693,0.07286587
0.12566732,0.10892495,0.10973947,0.13223085,0.108625226,0.11133728,0.12520371,0.10780111,0.070470095
0.11478504,0.12538497,0.105429195,0.101371385,0.1047824,0.10947781,0.12646705,0.116503134,0.09579904
0.09802032,0.11372413,0.11784157,0.107290916,0.11495572,0.11151689,0.11658763,0.11653952,0.10352327
0.14717494,0.12663533,0.10333929,0.13131604,0.0825352,0.10412583,0.12345756,0.11487986,0.06653596
0.21032663,0.10653238,0.10772193,0.092367835,0.07863287,0.10440138,0.09690114,0.11131182,0.091804005
0.11170791,0.12331243,0.10345398,0.1014231,0.10558274,0.09654551,0.12444805,0.13517031,0.09835601
0.11176085,0.08691324,0.108921565,0.12420826,0.14695548,0.106747106,0.10157938,0.10543069,0.10748342
0.1227797,0.11820145,0.10597168,0.13108166,0.13811141,0.094521426,0.101707645,0.09746445,0.09016059
0.108959734,0.11052948,0.12107496,0.107471034,0.0932245,0.11855688,0.112174556,0.10753211,0.12047679
0.09970423,0.11239597,0.10867512,0.15652424,0.08554649,0.107993975,0.0948003,0.12898263,0.10537704
0.11447225,0.14887697,0.10317824,0.13297756,0.101705216,0.10301291,0.11276298,0.11923535,0.063778564
0.115399115,0.10557575,0.109438345,0.10754894,0.11049178,0.12023589,0.09995706,0.11486658,0.11648659
0.11422238,0.106132686,0.10578932,0.113671415,0.11845271,0.12788035,0.105321586,0.08945926,0.119070254
0.12812372,0.10707884,0.103216596,0.11500343,0.08201998,0.109998845,0.090726666,0.13065867,0.13317324
0.120358154,0.11686015,0.11243516,0.10872071,0.11402486,0.099231154,0.10803261,0.12772629,0.092610925
0.11675409,0.1092564,0.10017035,0.10354398,0.109059535,0.11523023,0.12444325,0.11121136,0.11033081
0.12402632,0.101590306,0.10806038,0.11887502,0.092825234,0.12170027,0.11681284,0.1264913,0.089618355
0.12533724,0.12585077,0.13098975,0.094914235,0.104885645,0.093337834,0.14615686,0.11279883,0.06572881
0.10203943,0.11472583,0.09629979,0.111685336,0.1222549,0.12926874,0.09495032,0.118500136,0.11027555
0.107420295,0.1062619,0.105935305,0.111265235,0.09844808,0.106414825,0.12329726,0.10725043,0.13370664
0.11671243,0.113095544,0.112687595,0.09526038,0.12891386,0.11598352,0.117788956,0.11084135,0.08871634
0.186526,0.10921917,0.10285969,0.10321493,0.10295946,0.09427765,0.12964587,0.106382005,0.0649152
0.11368932,0.11873306,0.10489659,0.10237284,0.13418275,0.107633784,0.13293329,0.11424784,0.07131054
0.100227885,0.115163416,0.09891146,0.11377229,0.115304686,0.1167733,0.119569466,0.11035865,0.10991889
0.104814894,0.11204418,0.1017076,0.1366601,0.10360681,0.09973501,0.11239874,0.131355,0.097677656
0.11915695,0.12174604,0.10756162,0.098933995,0.11860151,0.121384546,0.12151822,0.11660407,0.07449307
0.1184972,0.104716055,0.10882233,0.16479364,0.07546527,0.11132849,0.10091648,0.12143369,0.094026834
0.10454702,0.1474175,0.103011,0.09861179,0.11755057,0.10674172,0.12177147,0.10838972,0.091959186
0.12095939,0.1255888,0.10666199,0.1316329,0.113838494,0.11030264,0.10470894,0.119860046,0.066446826
0.11550826,0.109176576,0.10499264,0.13048165,0.12836887,0.10090571,0.12859339,0.114128105,0.06784476
0.09992847,0.10650051,0.13269699,0.11008531,0.10726686,0.11402106,0.112115465,0.10875316,0.10863219
0.10810279,0.105672665,0.09052785,0.11338372,0.1356401,0.10415972,0.10341473,0.11758629,0.12151216
0.14285488,0.09559844,0.105744295,0.110210024,0.098154746,0.12101472,0.15146662,0.10970354,0.06525271
0.099059656,0.14640185,0.121377446,0.107501395,0.10122374,0.11073511,0.1242284,0.11845963,0.071012795
0.13351817,0.12614816,0.13405678,0.10000856,0.081667624,0.11349909,0.09579452,0.1212432,0.09406389
0.117236674,0.11307889,0.104383774,0.1120934,0.11518668,0.11236917,0.13719659,0.11917134,0.0692835
0.10896393,0.10549702,0.116018794,0.13273934,0.10565999,0.10913074,0.11021133,0.106988974,0.10478991
0.12776467,0.10297126,0.11069794,0.10942288,0.090422794,0.11660183,0.12727901,0.10911011,0.10572948
0.09752701,0.105795614,0.12254141,0.106492236,0.137564,0.09993758,0.112638876,0.11399088,0.103512414
0.11824537,0.10886155,0.10246315,0.11661016,0.12501734,0.108039,0.108808815,0.122935206,0.08901942
0.107048884,0.10813525,0.1060697,0.11765321,0.1511738,0.110460356,0.11961264,0.11236695,0.06747923
0.17642862,0.113568336,0.097088896,0.11650308,0.108240716,0.0969176,0.09746759,0.099325426,0.09445974
0.17402562,0.11994897,0.107424624,0.09208757,0.14076112,0.102506556,0.09069445,0.1092164,0.063334666
0.12583965,0.103593454,0.107078955,0.09708267,0.11913303,0.11140774,0.14505976,0.1274292,0.063375495
0.10493382,0.14051047,0.106366076,0.11676154,0.10328365,0.1138526,0.10012431,0.10875296,0.10541461
0.09697885,0.12662788,0.10088543,0.11636884,0.12478055,0.09519568,0.10837231,0.14389634,0.086894095
0.15595156,0.107635126,0.12023581,0.13836679,0.088544115,0.09956065,0.09230119,0.112446725,0.08495806
0.10970081,0.14376554,0.11408887,0.11077839,0.09425669,0.1010439,0.12249978,0.12044121,0.08342481
0.10848032,0.12201952,0.12389011,0.10573324,0.10493551,0.100955345,0.14020672,0.12676695,0.0670123
0.10436523,0.09963101,0.103188016,0.1062581,0.10975719,0.1519732,0.13967893,0.11939643,0.06575188
0.12328035,0.10735027,0.100418605,0.10318476,0.0870624,0.15565443,0.13793819,0.120203935,0.064907044
0.11707502,0.123969235,0.097528264,0.12531741,0.09041729,0.12620287,0.11535675,0.08951796,0.114615194
0.11019025,0.09941929,0.11801431,0.11374178,0.14014392,0.12123528,0.09478071,0.09231601,0.11015844
0.1266444,0.0940728,0.11289886,0.11495582,0.10598505,0.10971284,0.09717727,0.11075241,0.12780055
0.11327027,0.11150887,0.10465158,0.11554637,0.114836544,0.11400771,0.14733243,0.10958706,0.0692592
0.11170801,0.103908174,0.103283145,0.099904194,0.13776293,0.1364846,0.11736786,0.122005604,0.06757548
0.10890585,0.115861885,0.10654085,0.10541416,0.09924476,0.11535479,0.11296109,0.12320683,0.11250974
0.106716104,0.118059,0.10856204,0.11951055,0.11595358,0.1315466,0.11279193,0.12082143,0.066038735
0.11055448,0.10294669,0.09064431,0.13410974,0.104802065,0.13580707,0.11147933,0.090093896,0.11956241
0.107402265,0.10590252,0.10605872,0.11942848,0.12571402,0.1120396,0.14501567,0.11161727,0.066821486
0.12037093,0.09614193,0.10731159,0.14038645,0.12147787,0.105650984,0.13043897,0.10854683,0.06967445
0.117097005,0.11209554,0.094386056,0.105430104,0.10757081,0.116528206,0.11086899,0.11113799,0.124885306
0.11004687,0.120344825,0.1122779,0.108064905,0.13219431,0.10115239,0.1204185,0.12011968,0.075380586
0.13488227,0.10059477,0.10925158,0.11691832,0.08845319,0.11068365,0.15310772,0.11904255,0.06706598
0.08746908,0.10348488,0.124610335,0.1127446,0.11633294,0.1150841,0.13782114,0.111236565,0.0912164
0.10718221,0.12450689,0.10624446,0.112518854,0.12745656,0.10326858,0.09091044,0.12766428,0.10024772
0.09850326,0.10722711,0.11322125,0.13339914,0.10380658,0.10325274,0.12005119,0.12976275,0.090775944
0.12223294,0.10576689,0.1039375,0.11646723,0.14236319,0.114293434,0.12743153,0.092901185,0.074606076
0.0991874,0.1216364,0.12253394,0.11521742,0.11064498,0.0987199,0.11252829,0.1256423,0.09388937
0.15001439,0.11659872,0.10055262,0.116731256,0.10696894,0.104057096,0.11014648,0.12781915,0.06711138
0.11109923,0.13373432,0.11614577,0.12036449,0.11094548,0.0968988,0.10339486,0.13722281,0.07019427
0.11150282,0.11265709,0.11782488,0.1059242,0.10148482,0.114761665,0.1203314,0.112573236,0.102939874
0.10550913,0.10620167,0.123252764,0.11602789,0.09681478,0.118209034,0.11536381,0.112609945,0.10601096
0.12163586,0.122931436,0.1098287,0.106592305,0.10950954,0.10411519,0.1204858,0.13685256,0.06804857
0.12086717,0.10098525,0.101420045,0.12261311,0.13247615,0.11801379,0.12138684,0.114691526,0.067546114
0.10775428,0.112728275,0.10835658,0.10291369,0.1117187,0.11095489,0.11473909,0.11707893,0.11375551
0.112176195,0.110961534,0.10264633,0.12556218,0.10715197,0.112011485,0.10657109,0.12485797,0.09806124
0.12786166,0.10127414,0.10298144,0.12153842,0.12809022,0.1007043,0.1369252,0.11163433,0.06899029
0.10145487,0.11151749,0.10258915,0.120519675,0.123446696,0.11439509,0.12123461,0.117092706,0.08774971
0.10505496,0.114381365,0.116583936,0.11359221,0.114990406,0.118191145,0.110185385,0.10598019,0.10104037
0.1141332,0.11191675,0.10330778,0.105786,0.13390492,0.10055565,0.1419793,0.12072852,0.06768786
0.14118533,0.115361996,0.11748878,0.11300155,0.07729772,0.106108,0.08812327,0.13530427,0.10612908
0.106283866,0.109920226,0.09752533,0.097511314,0.12806661,0.13686083,0.13843994,0.11685838,0.0685335
0.11673102,0.10852938,0.10549956,0.13549738,0.09038265,0.12330555,0.112496704,0.1394251,0.06813267
0.1221346,0.13570438,0.118700996,0.105725385,0.08835459,0.11607103,0.08965564,0.12749827,0.09615512
0.11666384,0.09647732,0.09879367,0.097183175,0.12248721,0.13478875,0.1515496,0.121654786,0.060401637
0.12883306,0.11196326,0.0966869,0.09590256,0.117287986,0.0986345,0.11481694,0.16957264,0.06630214
0.105241664,0.092749044,0.1186914,0.11038483,0.11485866,0.11338091,0.14269842,0.1103105,0.091684595
0.11136155,0.12393309,0.11033757,0.10371809,0.10618502,0.10388321,0.14795361,0.123367794,0.069260046
0.11879821,0.10536025,0.111687295,0.11766831,0.10063354,0.10855177,0.10523118,0.1276781,0.10439134
0.11881288,0.12918824,0.09118056,0.116547145,0.112479396,0.12063294,0.10858581,0.089203395,0.11336965
0.12907034,0.11777452,0.10841988,0.100935295,0.0899556,0.10981234,0.092958786,0.10190357,0.14916968
0.10815955,0.108725086,0.09834354,0.10250298,0.11475845,0.12921238,0.09701463,0.12071435,0.12056903
0.10726783,0.11481248,0.105406575,0.10832392,0.11581417,0.11800953,0.11811159,0.10931093,0.102942996
0.11104713,0.11585102,0.09879965,0.100683644,0.121485464,0.10782599,0.13733827,0.107965246,0.099003546
0.120580666,0.10801032,0.10544733,0.10334699,0.12742399,0.11151202,0.11214915,0.10846624,0.10306332
0.09454935,0.09272539,0.10016199,0.15094896,0.13118614,0.09559279,0.14445986,0.10340479,0.086970694
0.100223675,0.11695272,0.10212891,0.11624533,0.109484896,0.14161453,0.118518375,0.12476351,0.07006806
0.103982,0.1118779,0.101194955,0.15619142,0.1339309,0.097445786,0.12040477,0.108732246,0.06624003
0.10303476,0.118873335,0.09781764,0.107951455,0.10994924,0.09401341,0.11246347,0.12732565,0.12857103
0.13576648,0.10057263,0.10646994,0.11681187,0.092158474,0.120930366,0.10722609,0.1090071,0.11105707
0.10512471,0.1095082,0.113622285,0.110697694,0.13880588,0.10260647,0.12828358,0.12382687,0.06752434
0.10379056,0.12225448,0.099619366,0.10564067,0.10966959,0.09935758,0.115189955,0.1292837,0.11519409
0.12443632,0.11366065,0.12084533,0.09257445,0.12339776,0.10870913,0.12288101,0.12539284,0.06810253
0.10903204,0.10708989,0.11076869,0.11996617,0.12056029,0.10482185,0.11138426,0.114857085,0.10151966
0.10890756,0.105930276,0.10592531,0.124596044,0.09635642,0.112556905,0.11648311,0.121880844,0.107363485
0.16137964,0.095184244,0.10553862,0.12106005,0.074572764,0.10440079,0.09690066,0.118776955,0.122186266
0.12676662,0.14061256,0.09195208,0.10401125,0.10253792,0.10685522,0.08830202,0.09998604,0.13897626
0.10884683,0.1380162,0.11047799,0.102174364,0.12989388,0.100484475,0.11439543,0.12486936,0.07084145
0.10849395,0.1270999,0.098490484,0.13640782,0.112549715,0.1257685,0.09702096,0.087417066,0.106751606
0.10898631,0.11203417,0.113355026,0.114004016,0.104572125,0.11354522,0.117610194,0.11792809,0.09796489
0.103254,0.109679684,0.10136202,0.11386591,0.14857696,0.10599845,0.13559268,0.11468703,0.066983275
0.11316604,0.108132035,0.10368988,0.102589965,0.10960228,0.10347461,0.097491525,0.12363079,0.13822286
0.13593489,0.11618111,0.095737934,0.09806886,0.11024022,0.10668248,0.11688716,0.11655048,0.10371686
0.110285215,0.10573087,0.110084705,0.12749226,0.104669236,0.106791355,0.11680994,0.110188894,0.1079475
0.10735323,0.12881222,0.11567944,0.11367086,0.12217639,0.09188856,0.12460451,0.12751395,0.06830083
0.13994494,0.10108175,0.09904929,0.099573895,0.106502704,0.113874815,0.12401572,0.11164022,0.10431665
0.12779664,0.11474998,0.11948312,0.13487363,0.09005813,0.10798341,0.092523776,0.12389165,0.08863964
0.10876224,0.12769742,0.1223202,0.108851634,0.11121636,0.105212025,0.12585361,0.12047534,0.069611154
0.10550031,0.11609903,0.11666943,0.107844874,0.09727566,0.12614577,0.10278586,0.12357407,0.104104996
0.10588428,0.12004972,0.11161543,0.13086297,0.09342021,0.11065662,0.08545116,0.13177592,0.11028371
0.10090394,0.110762626,0.10276222,0.105618455,0.11987336,0.093702324,0.10688959,0.12790327,0.13158423
0.11065178,0.118407436,0.10198393,0.095075145,0.13949618,0.10537663,0.12787203,0.115981124,0.085155785
0.10894361,0.10819796,0.11229878,0.10451884,0.13517903,0.12240231,0.09513846,0.14595708,0.06736395
0.11527736,0.13737763,0.10735049,0.10548697,0.10141329,0.12139364,0.10862416,0.09280343,0.11027302
0.11816793,0.10701639,0.12875211,0.111499876,0.07976993,0.119571805,0.102390364,0.119437076,0.11339451
0.177629,0.09209815,0.100872606,0.12256224,0.108117096,0.108515315,0.108162306,0.11580835,0.06623494
0.13130687,0.093114205,0.12482702,0.12321123,0.10647109,0.10688873,0.09541161,0.10902846,0.10974081
0.107482255,0.10924867,0.13459665,0.1028619,0.12953871,0.10768105,0.12623961,0.11729295,0.065058224
0.117957264,0.11077768,0.10359186,0.10495233,0.14074826,0.111010514,0.12341221,0.11312795,0.074421965
0.10289192,0.1334889,0.104122736,0.11517103,0.117906325,0.10544985,0.099014394,0.13023119,0.091723695
0.13301054,0.11032511,0.1058048,0.10098305,0.111856945,0.11496255,0.12688631,0.09902024,0.097150475
0.11843845,0.10704589,0.1029831,0.112678245,0.098797336,0.115095004,0.10231409,0.1327972,0.10985066
0.113900885,0.10632613,0.11346574,0.12793703,0.0854546,0.111581154,0.102735855,0.119783595,0.11881502
0.10468313,0.10622797,0.11470504,0.11514024,0.14022906,0.10952237,0.11854778,0.1243424,0.06660204
0.10388141,0.09815462,0.11823788,0.12240418,0.09348511,0.10813553,0.11764272,0.1086842,0.12937436
0.14857033,0.110812716,0.094903454,0.095535226,0.12832855,0.094601445,0.13439228,0.124338776,0.06851722
0.10434203,0.11075554,0.12959214,0.104695864,0.10504855,0.1295869,0.10424158,0.08911873,0.122618675
0.10369355,0.11725235,0.099236466,0.11709152,0.123996176,0.10269488,0.10450195,0.14579916,0.08573399
0.11867784,0.11253832,0.10613539,0.11062592,0.10005709,0.12214204,0.1073827,0.13060403,0.091836676
0.10371624,0.119469166,0.10407166,0.108958185,0.11709435,0.106084764,0.11334535,0.1196745,0.10758578
0.117890954,0.120570734,0.10107319,0.10397106,0.13195586,0.100632004,0.13863839,0.118291005,0.06697683
0.10167466,0.1329664,0.10797177,0.11836786,0.122740984,0.10607742,0.13107356,0.10999743,0.06912988
0.13533333,0.10998565,0.13805231,0.10617733,0.092009895,0.10710552,0.12153022,0.120207846,0.06959786
0.10400001,0.109656535,0.0868763,0.10463246,0.108537376,0.1355718,0.123903766,0.11559389,0.11122784
0.11578533,0.13940448,0.09095534,0.111952074,0.10983405,0.13956547,0.08740538,0.08838735,0.11671051
0.09569314,0.11305481,0.10265298,0.120968066,0.09960633,0.101248145,0.09107584,0.1758103,0.09989042
0.10320928,0.1076202,0.11004701,0.13627583,0.079556204,0.11587535,0.09913997,0.122092344,0.12618384
0.132932,0.09418473,0.11688274,0.10472577,0.111070275,0.1049142,0.10939397,0.10390579,0.12199053
0.1094869,0.12006549,0.11381726,0.118919335,0.11341165,0.11867676,0.1313838,0.10766569,0.06657314
0.12303978,0.100911565,0.13885768,0.09899214,0.12974441,0.10229891,0.11832181,0.11839629,0.06943743
0.10715274,0.12891753,0.11110868,0.12096704,0.124320954,0.09290253,0.12264298,0.12381425,0.06817327
0.103257,0.10665603,0.10162324,0.1076876,0.17552906,0.10876108,0.11724029,0.11154188,0.06770383
0.17162484,0.10936388,0.10658486,0.09406214,0.09168465,0.10978461,0.10053796,0.11298398,0.10337307
0.106251754,0.11289413,0.106085956,0.10366625,0.115950525,0.117473215,0.11263066,0.10976158,0.115285926
0.123441204,0.11622363,0.10952079,0.10244322,0.117445484,0.10181517,0.12974207,0.10847535,0.09089308
0.11968089,0.101290494,0.086050026,0.10335013,0.14266661,0.12143491,0.11428512,0.09601459,0.11522723
0.11427385,0.10480946,0.1188012,0.11139695,0.09677854,0.11577496,0.115249895,0.11452864,0.10838649
0.10533987,0.11761711,0.09316481,0.10661773,0.10634038,0.12853424,0.10301793,0.14490896,0.094459005
0.12149944,0.1312917,0.1345196,0.10339135,0.086007066,0.12303299,0.09593993,0.102903515,0.10141441
0.112454705,0.11758318,0.09685345,0.12312966,0.15666117,0.093601316,0.11564428,0.11942974,0.06464246
0.097045295,0.11847626,0.118944705,0.10394775,0.11441994,0.10532539,0.10956567,0.12441804,0.10785698
0.11843288,0.10642018,0.13302168,0.11148512,0.11290624,0.108748324,0.13715623,0.106260866,0.06556843
0.10238082,0.13617338,0.10794322,0.103923835,0.14679196,0.09608091,0.12200828,0.11552755,0.06917004
0.15445827,0.11259427,0.09893336,0.13435397,0.08504912,0.09875212,0.121546134,0.12811525,0.0661975
0.18153334,0.10769353,0.09755284,0.097269475,0.118308134,0.11743635,0.10348627,0.11085496,0.06586514
0.1355761,0.114026286,0.10296123,0.10844799,0.09972114,0.106855616,0.114213005,0.111991175,0.10620746
0.10821141,0.12906854,0.09422805,0.11118708,0.09418782,0.1054451,0.12312623,0.114225455,0.1203203
0.14134647,0.10574045,0.10642989,0.106811084,0.09225908,0.12891832,0.12890546,0.12113525,0.06845396
0.10409415,0.09892402,0.11036286,0.1237917,0.11191516,0.106463924,0.11236535,0.112423405,0.119659476
0.10915712,0.11555025,0.10058162,0.117364034,0.15317732,0.11074365,0.11824608,0.109000064,0.06617989
0.10718634,0.109421715,0.1205066,0.11375516,0.10157694,0.1366381,0.11453471,0.09335163,0.10302883
0.15284318,0.09986484,0.10359917,0.10050384,0.11903216,0.10444822,0.1072411,0.10625723,0.10621027
0.10555396,0.11640088,0.11843361,0.110581316,0.12714949,0.09824775,0.10845949,0.1270597,0.08811381
0.10762961,0.11089683,0.10683041,0.09407659,0.10364924,0.11055554,0.122501984,0.11209689,0.13176289
0.09970457,0.10573964,0.103408195,0.11646781,0.114983805,0.11498726,0.09908273,0.12708138,0.11854463
0.10582208,0.10521016,0.10870929,0.09544199,0.09880088,0.166058,0.13651045,0.120007895,0.06343929
0.10687717,0.11314754,0.12141162,0.1043828,0.09533787,0.12209619,0.11308716,0.1062647,0.11739489
0.101021096,0.11555831,0.109017305,0.124760136,0.09603668,0.12299778,0.10380504,0.10567488,0.12112872
0.10922574,0.10645917,0.100759186,0.11825586,0.12128637,0.109897226,0.1201035,0.108598255,0.105414666
0.152609,0.10180814,0.10550336,0.15455507,0.09660693,0.1087857,0.11521515,0.09964425,0.065272406
0.112626806,0.11298428,0.1315175,0.10811024,0.1020647,0.112466894,0.11714859,0.104430884,0.098650075
0.13122226,0.10652317,0.10587037,0.10612913,0.095523134,0.109395,0.10305394,0.13562514,0.10665786
0.10777093,0.11243045,0.10401353,0.10759759,0.10460036,0.11724539,0.11053617,0.12340381,0.112401806
0.12093685,0.10276743,0.12558891,0.09610306,0.11107448,0.107766055,0.098696865,0.115413286,0.12165307
0.10205754,0.104566135,0.10255341,0.12070717,0.11692998,0.14785455,0.111731835,0.12905794,0.06454148
0.14416477,0.12074633,0.10293594,0.11256058,0.08852642,0.123621,0.092776276,0.10139831,0.11327038
0.12629539,0.12072486,0.103466235,0.10425687,0.13798445,0.09837314,0.115177445,0.12617423,0.06754736
0.10960637,0.11433954,0.11420766,0.109403186,0.107643984,0.112931244,0.115890704,0.099662155,0.11631513
0.12597159,0.11670865,0.10354179,0.10879165,0.10042543,0.13405178,0.12666647,0.11400931,0.06983337
0.124763,0.120367855,0.11411674,0.11349967,0.095279194,0.11477782,0.117092505,0.11000241,0.090100855
0.12076755,0.12044161,0.115030974,0.10062513,0.10788893,0.10609085,0.09121959,0.11206623,0.12586914
0.11604251,0.09907269,0.102792315,0.12694027,0.11624341,0.11335601,0.09634601,0.12753598,0.10167081
0.109972686,0.11967468,0.1004142,0.1371535,0.11899733,0.10948123,0.108263075,0.13034958,0.06569372
0.11043371,0.12433087,0.11309375,0.10624708,0.094560914,0.11916597,0.10299392,0.12401739,0.10515644
0.12376048,0.12862855,0.11613775,0.103900336,0.10323668,0.12122361,0.09986131,0.091959156,0.1112921
0.10538076,0.11198569,0.10004557,0.12027013,0.11434607,0.10890024,0.11371065,0.11358056,0.11178031
0.1081482,0.104507715,0.10174674,0.1205952,0.12404156,0.108465284,0.11649634,0.12452888,0.09147008
0.1077238,0.11806464,0.10434417,0.10940822,0.117325544,0.10745918,0.124922946,0.10475437,0.10599717
0.10106022,0.12287418,0.100033246,0.12024868,0.117113724,0.11195796,0.1399731,0.114505254,0.07223363
0.18392079,0.11322297,0.108197354,0.10172847,0.08359089,0.10169942,0.1060663,0.10886113,0.092712656
0.13505426,0.13687044,0.107502736,0.10480478,0.12009203,0.115123525,0.099121474,0.090093516,0.09133726
0.108924575,0.109231144,0.10532502,0.12061096,0.11253227,0.10873704,0.11944039,0.10749507,0.107703544
0.11128831,0.111957796,0.11901938,0.113890424,0.09793959,0.1065919,0.114034,0.1268523,0.098426305
0.10877649,0.1063288,0.108820386,0.10781429,0.11407352,0.11180286,0.14295106,0.1112078,0.088224836
0.10878829,0.11350677,0.10689176,0.10956667,0.09729706,0.12344463,0.12095031,0.115638554,0.10391592
0.11797089,0.09909878,0.12030266,0.115054905,0.098164774,0.11523589,0.115861125,0.09438084,0.123930156
0.101729736,0.11424228,0.112769015,0.1123375,0.10553083,0.121294565,0.14419846,0.123904906,0.063992724
0.12668024,0.09895592,0.11436029,0.10216402,0.12597004,0.111637145,0.13285556,0.11992246,0.067454286
0.11651492,0.11506653,0.094086975,0.12993662,0.10351016,0.13040505,0.101163365,0.09804339,0.11127299
0.14250168,0.108729444,0.09581463,0.09339996,0.12773648,0.107358985,0.10642304,0.09885928,0.119176455
0.1318069,0.11389177,0.10494295,0.11207467,0.1025685,0.11450566,0.106984444,0.11511439,0.09811068
0.09560388,0.15524441,0.1013437,0.10063502,0.10223812,0.1377203,0.0880287,0.111405216,0.10778064
0.110558994,0.10850558,0.104062945,0.124115236,0.11169057,0.11266337,0.108209155,0.11733771,0.10285645
0.108704336,0.1204107,0.09754217,0.1485746,0.096548714,0.13611509,0.09631794,0.097286634,0.09849979
0.1118447,0.10913144,0.1135948,0.114593774,0.09104675,0.11776802,0.1205575,0.115744226,0.10571874
0.105658576,0.12302767,0.10674455,0.13841479,0.11080346,0.090917565,0.12501335,0.13260125,0.06681879
0.121655606,0.11107273,0.10704735,0.13651659,0.12378534,0.09973038,0.119397976,0.11200568,0.06878835
0.11887068,0.11514066,0.097295575,0.123179995,0.10401357,0.11203928,0.104756154,0.11472343,0.10998064
0.10251585,0.17030095,0.12404539,0.08762307,0.120363474,0.111115396,0.08245416,0.089206904,0.11237481
0.11724201,0.10026352,0.11558299,0.10684149,0.09282347,0.10960026,0.10635696,0.12194577,0.12934352
0.11071805,0.1088215,0.12139213,0.10851603,0.102315545,0.12239965,0.11359913,0.110590465,0.101647474
0.10331849,0.10974147,0.10325664,0.09010514,0.14105204,0.11302826,0.13016042,0.109381765,0.09995577
0.10236545,0.105155215,0.09901514,0.10055471,0.12891805,0.14530583,0.13920836,0.11218443,0.0672928
0.11626523,0.11856162,0.09820807,0.10486167,0.11991513,0.1018694,0.14463408,0.12494049,0.0707443
0.10445562,0.11265982,0.103777304,0.11223252,0.12237619,0.122599,0.11373604,0.1087431,0.09942045
0.096971415,0.1293024,0.12116076,0.10180073,0.124051034,0.103021085,0.094018236,0.10193635,0.12773797
0.1199468,0.13994397,0.11173476,0.10635355,0.103815205,0.12727582,0.093889475,0.09870232,0.098338075
0.14778851,0.10842717,0.1264658,0.09974521,0.08520932,0.10905468,0.107454754,0.12368797,0.09216661
0.09100735,0.10203413,0.11511297,0.110766545,0.09056501,0.13718002,0.155034,0.11062964,0.087670356
0.10168112,0.1308235,0.10194062,0.115787625,0.115061074,0.09894453,0.14867002,0.11596365,0.07112791
0.1055979,0.10647204,0.10276238,0.12042005,0.09715521,0.12129848,0.106377825,0.10199872,0.1379174
0.1041331,0.12911707,0.117966376,0.11409034,0.09972105,0.11918927,0.10695882,0.082025394,0.12679859
0.12247399,0.11526069,0.108959585,0.11404542,0.09500467,0.10635149,0.09398766,0.13212244,0.11179406
0.15365297,0.086487666,0.12478305,0.109640025,0.107121184,0.1002822,0.1256129,0.10230204,0.09011797
0.14138854,0.09139163,0.13500848,0.12023651,0.07835472,0.11088943,0.09695462,0.11331618,0.11245992
0.09939358,0.117575556,0.13243039,0.09988686,0.12950817,0.108609624,0.102569215,0.11442034,0.09560626
0.10114927,0.11014018,0.114281856,0.14554082,0.09895521,0.096869096,0.11201819,0.12809366,0.092951715
0.10810597,0.11021839,0.10772174,0.1063372,0.093129605,0.12857473,0.10215624,0.12868053,0.1150756
0.13123627,0.10664332,0.09848631,0.10094451,0.114800945,0.10890608,0.121059865,0.111355536,0.10656714
0.13274063,0.1421197,0.09958579,0.10690401,0.096989244,0.11456542,0.09369231,0.09669059,0.116712324
0.10552458,0.10758322,0.10860399,0.100409396,0.11272619,0.10983087,0.12093017,0.10119694,0.13319466
0.10881873,0.09583757,0.10783398,0.14048748,0.11601537,0.103048906,0.11182449,0.12147764,0.09465586
0.14914846,0.11823052,0.10009393,0.100690916,0.102106445,0.089469746,0.14699785,0.10126135,0.09200077
0.104216576,0.10863976,0.106953934,0.10194728,0.1140988,0.11892736,0.1290127,0.11247753,0.10372609
0.11552613,0.11504145,0.1090913,0.11530766,0.124607414,0.100928366,0.12784933,0.120708,0.070940346
0.10763817,0.10944894,0.10542353,0.09854439,0.14535539,0.114648685,0.1266872,0.12503941,0.06721431
0.109798945,0.10855427,0.114364386,0.11647853,0.09086567,0.12340542,0.10987754,0.11336127,0.113294
0.12673336,0.11435209,0.10945887,0.13105561,0.09570747,0.10736897,0.119144484,0.12649252,0.06968663
0.11370151,0.10951632,0.09653064,0.119161874,0.11311964,0.11558637,0.107945785,0.095517226,0.12892061
0.13579232,0.09537641,0.095889375,0.12495656,0.10846447,0.10278307,0.15264508,0.11880322,0.06528947
0.10799992,0.103906594,0.102723785,0.09812933,0.11330583,0.11572177,0.12004696,0.11454331,0.12362249
0.10607992,0.11120594,0.10716926,0.11778454,0.11628723,0.09734908,0.16845211,0.10957587,0.06609606
0.13341798,0.11787669,0.10167399,0.10042957,0.13559762,0.12123698,0.09341437,0.12645134,0.06990147
0.10766798,0.10329541,0.109451555,0.11748252,0.124379314,0.13003618,0.12830076,0.11232985,0.067056425
0.14887893,0.11138412,0.115577765,0.12324618,0.10100631,0.09755329,0.11359523,0.10460257,0.0841556
0.10686542,0.12134436,0.09957452,0.10636263,0.12852027,0.11775662,0.10568036,0.109763905,0.104131915
0.11861336,0.12004804,0.10081047,0.11728702,0.10763131,0.11333069,0.12884605,0.12414428,0.06928879
0.12174037,0.09456967,0.107651845,0.10605263,0.15425482,0.12418694,0.118520744,0.10814895,0.06487403
0.11950366,0.105168544,0.1372847,0.10204835,0.123421334,0.101338044,0.12696509,0.10783817,0.07643214
0.14653975,0.08949414,0.12922285,0.12756729,0.08811701,0.115328826,0.09442861,0.11060216,0.0986994
0.110027306,0.12969197,0.107640296,0.11378858,0.12822318,0.09543458,0.115139805,0.13134807,0.06870619
0.10434522,0.12484373,0.10947219,0.11493016,0.106052205,0.099317156,0.13431667,0.109337814,0.09738488
0.11928142,0.11524853,0.10377211,0.12140749,0.08985865,0.11102078,0.09962558,0.12301729,0.11676812
0.13477623,0.101951025,0.1196357,0.12683792,0.080752164,0.11210476,0.0975819,0.11354117,0.11281916
0.09144461,0.10844783,0.09881833,0.14505315,0.09939229,0.120918885,0.11994911,0.14948156,0.066494204
0.114389084,0.105430245,0.0965047,0.12813945,0.13626961,0.1130779,0.1190958,0.12179658,0.065296605
0.14665382,0.1446434,0.10841898,0.08822393,0.14155486,0.11125447,0.08942147,0.10669469,0.0631344
0.11006458,0.10734144,0.12067872,0.10486949,0.12664339,0.11246721,0.11855072,0.13305646,0.06632799
0.108884364,0.11577652,0.10030354,0.09611555,0.123714335,0.11227023,0.121379316,0.11995401,0.101602145
0.098484926,0.11176752,0.09908821,0.12251897,0.116820976,0.100462064,0.11844613,0.13191731,0.10049387
0.101438925,0.11450067,0.12802738,0.0994425,0.108993836,0.1206985,0.11302884,0.107347734,0.10652163
0.11003912,0.1054795,0.1101127,0.105880484,0.11129951,0.120478936,0.15124251,0.11772657,0.06774065
0.103315935,0.11692405,0.10461331,0.10845321,0.09933717,0.10161511,0.116378814,0.13118221,0.11818019
0.10834061,0.10136876,0.1199636,0.124056146,0.101355836,0.10640209,0.1166372,0.11437142,0.1075043
0.10985586,0.09769476,0.1037712,0.125326,0.1357938,0.12165806,0.119918406,0.11880676,0.06717517
0.09621508,0.107673,0.10651402,0.099106774,0.08958469,0.13702367,0.11555735,0.13668987,0.111635566
0.10571675,0.11911428,0.10939492,0.1265214,0.11989417,0.099738374,0.13084587,0.12081341,0.06796083
0.112487145,0.114491746,0.100712694,0.10081037,0.13108365,0.1046151,0.13791375,0.1306212,0.06726436
0.10323443,0.10231497,0.097269855,0.124453306,0.11284468,0.11974865,0.11723507,0.112464525,0.11043448
0.1059203,0.12739782,0.12341172,0.11025417,0.10350544,0.1267421,0.10731884,0.09814551,0.097304136
0.11472331,0.105867825,0.09803548,0.116811566,0.12593375,0.11207721,0.10709033,0.11432077,0.10513977
0.10744312,0.106818214,0.11116128,0.11393079,0.13332787,0.099681996,0.124495596,0.11162584,0.091515295
0.12150736,0.11617854,0.117070705,0.09730289,0.115780845,0.105765305,0.08958949,0.11365127,0.123153605
0.110115744,0.12163789,0.107915096,0.123180054,0.09928484,0.119071506,0.11775051,0.11134572,0.08969865
0.10736856,0.114588775,0.09764806,0.09625762,0.11824556,0.105924964,0.14891605,0.11760794,0.09344244
0.13619718,0.0967383,0.10045974,0.098899215,0.12301982,0.11377926,0.12073584,0.10432912,0.10584148
0.12346344,0.10080881,0.12135729,0.107635565,0.08324957,0.12015156,0.09941994,0.12348496,0.12042893
0.11077337,0.10262006,0.104593046,0.11208881,0.105275236,0.12496265,0.10177887,0.13115324,0.106754735
0.10327819,0.10641213,0.108336,0.10797779,0.11619764,0.09962949,0.11848368,0.12706023,0.11262482
0.116857275,0.11501042,0.100120306,0.11754695,0.11961374,0.10382114,0.1036926,0.11198145,0.1113561
0.110318795,0.098944396,0.13221662,0.10554441,0.112599835,0.13811378,0.11277056,0.12558377,0.063907824
0.10183383,0.09814225,0.09514273,0.14246309,0.09335712,0.10000428,0.13486123,0.17017455,0.06402091
0.10223362,0.11907943,0.11260309,0.09914183,0.10557943,0.11278572,0.11082303,0.12321767,0.11453613
0.10253638,0.18617056,0.09515184,0.12489377,0.09519707,0.1182105,0.08175437,0.09474362,0.10134185
0.10117629,0.11853709,0.11219324,0.12681012,0.119686686,0.11341794,0.12502266,0.11275576,0.070400186
0.09486124,0.10870075,0.11313023,0.08742555,0.09385823,0.106466234,0.10228163,0.13037515,0.162901
0.11899096,0.106853485,0.10755193,0.118080825,0.08874048,0.11584631,0.086906165,0.12662025,0.13040957
0.1080268,0.10924915,0.12519132,0.10332402,0.0937936,0.11039901,0.12466275,0.11192153,0.1134318
0.19994287,0.09992106,0.109234616,0.10749418,0.10057817,0.09133938,0.10113454,0.10083975,0.08951542
0.10765268,0.10373439,0.096184775,0.10311852,0.16657965,0.109235615,0.13993265,0.10986316,0.06369855
0.11994151,0.10830108,0.1239453,0.109262675,0.102557294,0.11744841,0.118146956,0.09728352,0.10311325
0.13192809,0.10776665,0.10683141,0.10654494,0.10086328,0.113654494,0.10788149,0.110407025,0.11412265
0.11535452,0.10077069,0.10456683,0.107102096,0.12715109,0.10807224,0.10884892,0.11676331,0.11137032
0.09998165,0.102815345,0.13105552,0.11029291,0.12218611,0.10384703,0.10778714,0.109702155,0.11233212
0.1102301,0.11654527,0.09759321,0.15003145,0.11728432,0.11719995,0.12046229,0.10227693,0.068376504
0.10466517,0.09639749,0.10134861,0.12420282,0.10297984,0.15301724,0.12353979,0.12975828,0.06409075
0.10770725,0.113765344,0.10245674,0.11084766,0.09826599,0.13016278,0.10818662,0.12290732,0.10570028
0.13920182,0.10499525,0.10597464,0.10670189,0.084647566,0.107017465,0.09739138,0.10616463,0.14790533
0.14747937,0.09672378,0.12638152,0.12851128,0.073073335,0.10967047,0.09550477,0.10898761,0.1136679
0.15310356,0.09898026,0.10125543,0.102147385,0.118485056,0.10218323,0.1036775,0.10349344,0.11667415
0.11402605,0.12017078,0.10255242,0.12217736,0.11846348,0.10744631,0.11773051,0.12898697,0.06844609
0.16944343,0.10478647,0.10497233,0.09073667,0.084569015,0.13908519,0.12989782,0.113224484,0.06328459
0.10525351,0.11828092,0.1085374,0.1264151,0.11084558,0.098862514,0.111392945,0.1330365,0.0873755
0.1329521,0.11269048,0.111251995,0.11906044,0.113696635,0.10171231,0.11695655,0.12572192,0.0659576
0.10265282,0.10963871,0.10032473,0.09988882,0.14331016,0.12727639,0.12889628,0.12082553,0.06718656
0.12729606,0.10687075,0.102920406,0.09783168,0.13669875,0.10703929,0.13392483,0.12139502,0.06602321
0.11537211,0.11710639,0.100659356,0.11189141,0.095961995,0.11080679,0.122206725,0.121223025,0.104772136
0.11075616,0.11026493,0.118328124,0.1069431,0.098143674,0.11990447,0.11179119,0.093748145,0.13012022
0.098848514,0.11504718,0.11586145,0.11861384,0.13348266,0.117087685,0.11778829,0.116619974,0.06665038
0.10927784,0.118671045,0.09736794,0.09450905,0.1374756,0.110171065,0.122904256,0.11401174,0.09561146
0.20212412,0.11688437,0.094347306,0.09304958,0.08164937,0.09400718,0.11056247,0.09540633,0.11196928
0.10756054,0.11246118,0.11063283,0.123993404,0.093256846,0.11863947,0.107757196,0.12264958,0.10304889
0.109001,0.113050945,0.103682734,0.10235599,0.11590295,0.10531425,0.095874615,0.121287934,0.13352956
0.10191728,0.1161028,0.10243973,0.10203494,0.11505002,0.117796265,0.1120723,0.1078253,0.12476138
0.1016041,0.10693979,0.12155116,0.11470688,0.14364748,0.10748951,0.118508525,0.11812952,0.067423
0.12260785,0.10929801,0.10498772,0.10055679,0.12561479,0.11422579,0.09502123,0.09505646,0.13263133
0.1189628,0.094155,0.10367523,0.15335831,0.09166436,0.1023588,0.13197428,0.10651081,0.09734042
0.12336375,0.10381668,0.111973755,0.11824711,0.1436086,0.116460465,0.12614584,0.08522186,0.071161956
